1.697289937203336000e+09 2.347379367416314408e+07
1.697290021083561659e+09 1.496668184053064883e+07
1.697290103651046991e+09 8.144635466845463030e+06
1.697290182836850882e+09 6.402949111115369946e+06
1.697290268407000065e+09 2.274310326725924388e+07
1.697290345716103315e+09 1.178321592010119371e+07
1.697290429785286427e+09 1.681801886632116139e+07
1.697290510012330532e+09 7.290263034133727662e+06
1.697290593540463924e+09 9.469977320909192786e+06
1.697290676558450937e+09 4.853799483450578526e+06
1.697290758171961546e+09 1.222842331563418917e+07
1.697290837687780857e+09 1.477717988617732003e+07
1.697290921803689957e+09 1.636736992039255984e+07
1.697291002494047165e+09 9.663552989520788193e+06
1.697291086561474800e+09 1.735795762371900305e+07
1.697291169876449823e+09 1.071250856957726367e+07
1.697291246814107895e+09 5.413285366367096081e+06
1.697291330879657984e+09 -4.066660375332354102e+06
1.697291414366910458e+09 4.065900135411148425e+06
1.697291498664839745e+09 1.980641011818364635e+07
1.697291577453976631e+09 1.298317604232583009e+07
1.697291635624691010e+09 1.243368539598446712e+07
1.697291940366038322e+09 4.309303233300625347e+06
1.697291981527812481e+09 1.084233069152660854e+07
1.697292184691771984e+09 -3.478665831269450486e+06
1.697292200457385063e+09 -4.944527397699827328e+06
1.697292315518409729e+09 7.327781554555210285e+06
1.697292394853287935e+09 -6.264189294338210486e+06
1.697292742160210133e+09 2.699754158839833736e+07
1.697292807313333273e+09 6.453833764657139778e+06
1.697292888751028299e+09 6.947959727110566571e+06
1.697292972819626093e+09 5.165457030933968490e+05
1.697293054257766724e+09 1.651283086054320261e+07
1.697293136226224661e+09 1.037275017064771056e+07
1.697293220516041756e+09 1.127399362978683598e+07
1.697293304844360590e+09 1.384064112450141087e+07
1.697293382647368193e+09 7.340667677877308801e+06
1.697293464086774826e+09 8.717809070803212002e+06
1.697293545529109716e+09 1.102109591808869131e+07
1.697293630199984550e+09 8.725878820917028934e+06
1.697293712161730528e+09 1.306968985962755419e+07
1.697293790971168995e+09 1.154803941024833545e+07
1.697293873914612532e+09 1.634191926265065186e+07
1.697293954230070591e+09 7.409574986468595453e+06
1.697294039421562672e+09 1.183323297341401689e+07
1.697294121239364862e+09 2.533427305522260070e+07
1.697294178655746698e+09 4.487293899389844388e+06
1.697297911390308857e+09 -1.524033097768518627e+08
1.697297974293211460e+09 -1.590064352369290292e+08
1.697298055506139278e+09 -1.724083474670298100e+08
1.697298139624472380e+09 -1.888339881904687881e+08
1.697298217634873629e+09 -1.986497715992181003e+08
1.697298282191661835e+09 -2.030015074097789228e+08
1.697298390503525734e+09 -2.229001654207976162e+08
1.697298468711887360e+09 -2.366620316662063003e+08
1.697298550152732611e+09 -2.546102307620910406e+08
1.697298631591244221e+09 -2.750801031980620623e+08
1.697298713033442736e+09 -2.883310413909502029e+08
1.697298794471662045e+09 -2.972294999737740755e+08
1.697298877314593554e+09 -3.094927207344480753e+08
1.697298959978933573e+09 -3.299663213299283981e+08
1.697299041418959141e+09 -3.417623086331275702e+08
1.697299120982714176e+09 -3.500198690698348284e+08
1.697299204298343182e+09 -3.613875655124829412e+08
1.697299288367935419e+09 -3.745683985023770332e+08
1.697299369805456638e+09 -4.099442085257939696e+08
1.697299451247507334e+09 -4.191183794777761698e+08
1.697299532687005520e+09 -4.229523158141543269e+08
1.697299614127100706e+09 -4.405208296180495024e+08
1.697299698195416689e+09 -4.606081728798313141e+08
1.697299779633860826e+09 -4.769083772690904737e+08
1.697299861074781895e+09 -4.891973319495513439e+08
1.697299945139548063e+09 -4.994026499946890473e+08
1.697300026581761837e+09 -5.025377890232606530e+08
1.697300108020978212e+09 -5.222599622891473770e+08
1.697300187209200859e+09 -5.424393758066867590e+08
1.697300270902417421e+09 -5.316930159526098967e+08
1.697300354441997290e+09 -5.383333450141375065e+08
1.697300436409758091e+09 -5.500155504523314238e+08
1.697300517848129988e+09 -5.421980915214301348e+08
1.697300599289356709e+09 -5.366592031529712081e+08
1.697300680729938507e+09 -5.090456405636596084e+08
1.697300764795306683e+09 -5.061542656774759889e+08
1.697300846236191034e+09 -4.928994108169419765e+08
1.697300927674782276e+09 -4.331408459339682460e+08
1.697301009116695881e+09 -4.085346040958917737e+08
1.697301092482024431e+09 -3.546748812477573156e+08
1.697301174624003410e+09 -2.998592283938668966e+08
1.697301256063667536e+09 -2.225024054255838096e+08
1.697301337503477573e+09 -1.794180124333294630e+08
1.697301418945258141e+09 -7.902373810663944483e+07
1.697301592333517313e+09 8.804715257958540320e+07
1.697301665080645800e+09 1.565683615606455505e+08
1.697301752585262537e+09 2.026817050790671408e+08
1.697301831397461414e+09 2.543457718849101663e+08
1.697301912837721109e+09 2.988558477422891259e+08
1.697301983769879818e+09 3.187134557296731472e+08
1.697302083599367857e+09 3.500385075899413228e+08
1.697302157159397125e+09 3.888344023184217811e+08
1.697302242450878620e+09 3.877911617525948882e+08
1.697302318624604702e+09 4.302490434413278103e+08
1.697302404106273174e+09 4.258353354672518373e+08
1.697302485544471264e+09 4.186907918059617877e+08
1.697302566985650539e+09 4.256293009011785984e+08
1.697302651051341534e+09 4.167670726737170815e+08
1.697302733705801487e+09 4.164364743635000587e+08
1.697302813931633949e+09 4.119530202658156753e+08
1.697302895373077154e+09 4.057199522380846739e+08
1.697302976813317776e+09 3.974392605080574751e+08
1.697303060879764795e+09 3.795275947796408534e+08
1.697303142321804047e+09 3.894868639650964737e+08
1.697303223759156227e+09 3.806057502897900343e+08
1.697303307828786850e+09 3.693770225782905221e+08
1.697303389264927149e+09 3.735159876333759427e+08
1.697303470707260132e+09 3.575626403196125627e+08
1.697303552146785498e+09 3.461668033495826125e+08
1.697303633586634874e+09 3.423065265535932779e+08
1.697303717655102015e+09 3.276623410965930223e+08
1.697303799093555212e+09 3.132100499851106405e+08
1.697303880535470247e+09 3.062247684169706702e+08
1.697303961974328041e+09 2.950448452868425846e+08
1.697304043415030479e+09 2.830437893246687651e+08
1.697304127482463121e+09 2.652315725073911846e+08
1.697304208920612097e+09 2.489668191678946316e+08
1.697304290361871004e+09 2.500399952637393475e+08
1.697304372550591946e+09 2.366123084015150070e+08
1.697304453242437124e+09 2.247139523540055752e+08
1.697304521545413256e+09 2.178085137743492723e+08
1.697308912744937420e+09 1.643333794065425172e+07
1.697308966594006300e+09 1.409245553852895834e+07
1.697309048035742760e+09 1.840275519090232998e+07
1.697309129475466967e+09 9.417737500191928819e+06
1.697309210915695429e+09 1.594864104439772852e+07
1.697309292356588602e+09 1.118054849717040919e+07
1.697309376422309637e+09 1.775875338258329034e+07
1.697309439472296715e+09 1.042052973427302577e+07
1.697309741584131002e+09 4.530250437928204238e+07
1.697309785644098759e+09 1.985870221351300925e+07
1.697309871732122421e+09 1.878239495000011474e+07
1.697309949129017591e+09 2.296568391402605549e+07
1.697310033198372841e+09 1.900499306093385071e+07
1.697310114635707617e+09 2.230352632557214797e+07
1.697310193854923725e+09 1.895450010136850551e+07
1.697310277517644644e+09 2.458455487654161453e+07
1.697315850475294590e+09 3.102521207105207816e+07
1.697324821158803701e+09 1.395102434857883304e+07
1.697324878573367596e+09 1.947786293231127039e+07
1.697324958815248251e+09 1.348723773513820767e+07
